-0.001927756525276
-0.001906842395579
-0.001886152018907
-0.001865671577886
-0.001845387014899
-0.001825284033491
-0.001805348099820
-0.001785564444154
-0.001765918062401
-0.001746393717696
-0.001726975942017
-0.001707649037852
-0.001688397079907
-0.001669203916857
-0.001650053173131
-0.001630928250756
-0.001611812331221
-0.001592688377404
-0.001573539135521
-0.001554347137132
-0.001535094701179
-0.001515763936067
-0.001496336741783
-0.001476794812061
-0.001457119636581
-0.001437292503214
-0.001417294500298
-0.001397106518960
-0.001376709255478
-0.001356083213672
-0.001335208707348
-0.001314065862766
-0.001292634621155
-0.001270894741262
-0.001248825801941
-0.001226407204773
-0.001203618176728
-0.001180437772864
-0.001156844879056
-0.001132818214769
-0.001108336335855
-0.001083377637399
-0.001057920356588
-0.001031942575619
-0.001005422224641
-0.000978337084729
-0.000950664790894
-0.000922382835123
-0.000893468569449
-0.000863899209061
-0.000833651835439
-0.000802703399520
-0.000771030724900
-0.000738610511061
-0.000705419336631
-0.000671433662672
-0.000636629835997
-0.000600984092518
-0.000564472560623
-0.000527071264570
-0.000488756127927
-0.000449502977020
-0.000409287544425
-0.000368085472467
-0.000325872316762
-0.000282623549774
-0.000238314564401
-0.000192920677578
-0.000146417133917
-0.000098779109355
-0.000049981714833
0.000000000000000
0.000051191043072
0.000103616476140
0.000157301411031
0.000212271005858
0.000268550461215
0.000326165016359
0.000385139945366
0.000445500553276
0.000507272172215
0.000570480157506
0.000635149883753
0.000701306740925
0.000768976130409
0.000838183461059
0.000908954145225
0.000981313594771
0.001055287217078
0.001130900411040
0.001208178563038
0.001287147042912
0.001367831199916
0.001450256358670
0.001534447815091
0.001620430832328
0.001708230636677
0.001797872413495
0.001889381303106
0.001982782396696
0.002078100732207
0.002175361290224
0.002274588989853
0.002375808684598
0.002479045158239
0.002584323120695
0.002691667203895
0.002801101957642
0.002912651845477
0.003026341240541
0.003142194421439
0.003260235568099
0.003380488757642
0.003502977960244
0.003627727035003
0.003754759725811
0.003884099657228
0.004015770330358
0.004149795118735
0.004286197264208
0.004424999872835
0.004566225910783
0.004709898200237
0.004856039415314
0.005004672077983
0.005155818554002
0.005309501048855
0.005465741603707
0.005624562091364
0.005785984212247
0.005950029490379
0.006116719269381
0.006286074708483
0.006458116778553
0.006632866258129
0.006810343729480
0.006990569574672
0.007173563971654
0.007359346890363
0.007547938088840
0.007739357109371
0.007933623274641
0.008130755683913
0.008330773209217
0.008533694491573
0.008739537937220
0.008948321713878
0.009160063747028
0.009374781716210
0.009592493051354
0.009813214929126
0.010036964269302
0.010263757731166
0.010493611709937
0.010726542333215
0.010962565457459
0.011201696664493
0.011443951258032
0.011689344260248
0.011937890408356
0.012189604151227
0.012444499646045
0.012702590754977
0.012963891041885
0.013228413769069
0.013496171894035
0.013767178066303
0.014041444624244
0.014318983591952
0.014599806676151
0.014883925263133
0.015171350415735
0.015462092870349
0.015756163033972
0.016053570981285
0.016354326451779
0.016658438846907
0.016965917227288
0.017276770309934
0.017591006465530
0.017908633715744
0.018229659730580
0.018554091825772
0.018881936960220
0.019213201733461
0.019547892383191
0.019886014782819
0.020227574439072
0.020572576489640
0.020921025700861
0.021272926465453
0.021628282800294
0.021987098344237
0.022349376355976
0.022715119711960
0.023084330904346
0.023457012039003
0.023833164833559
0.024212790615499
0.024595890320305
0.024982464489650
0.025372513269632
0.025766036409062
0.026163033257802
0.026563502765142
0.026967443478240
0.027374853540599
0.027785730690602
0.028200072260095
0.028617875173015
0.029039135944079
0.029463850677515
0.029892015065848
0.030323624388738
0.030758673511866
0.031197156885879
0.031639068545378
0.032084402107967
0.032533150773349
0.032985307322479
0.033440864116764
0.033899813097327
0.034362145784311
0.034827853276249
0.035296926249481
0.035769354957624
0.036245129231103
0.036724238476731
0.037206671677345
0.037692417391495
0.038181463753195
0.038673798471716
0.039169408831450
0.039668281691812
0.040170403487218
0.040675760227095
0.041184337495968
0.041696120453587
0.042211093835119
0.042729241951393
0.043250548689198
0.043774997511644
0.044302571458569
0.044833253147014
0.045367024771742
0.045903868105821
0.046443764501263
0.046986694889713
0.047532639783203
0.048081579274952
0.048633493040232
0.049188360337283
0.049746160008285
0.050306870480394
0.050870469766819
0.051436935467970
0.052006244772654
0.052578374459325
0.053153300897397
0.053731000048606
0.054311447468431
0.054894618307569
0.055480487313467
0.056069028831908
0.056660216808649
0.057254024791124
0.057850425930187
0.058449392981924
0.059050898309511
0.059654913885127
0.060261411291925
0.060870361726057
0.061481735998744
0.062095504538415
0.062711637392882
0.063330104231585
0.063950874347878
0.064573916661371
0.065199199720329
0.065826691704118
0.066456360425705
0.067088173334209
0.067722097517507
0.068358099704885
0.068996146269746
0.069636203232370
0.070278236262711
0.070922210683266
0.071568091471974
0.072215843265174
0.072865430360614
0.073516816720502
0.074169965974612
0.074824841423432
0.075481406041367
0.076139622479986
0.076799453071312
0.077460859831167
0.078123804462558
0.078788248359110
0.079454152608544
0.080121477996205
0.080790185008626
0.081460233837146
0.082131584381566
0.082804196253849
0.083478028781867
0.084153041013184
0.084829191718892
0.085506439397476
0.086184742278730
0.086864058327711
0.087544345248730
0.088225560489391
0.088907661244660
0.089590604460983
0.090274346840432
0.090958844844897
0.091644054700314
0.092329932400927
0.093016433713591
0.093703514182106
0.094391129131591
0.095079233672891
0.095767782707017
0.096456730929623
0.097146032835517
0.097835642723196
0.098525514699429
0.099215602683856
0.099905860413625
0.100596241448064
0.101286699173375
0.101977186807361
0.102667657404182
0.103358063859138
0.104048358913486
0.104738495159268
0.105428425044188
0.106118100876494
0.106807474829899
0.107496498948520
0.108185125151844
0.108873305239716
0.109560990897347
0.110248133700355
0.110934685119812
0.111620596527322
0.112305819200120
0.112990304326183
0.113674003009368
0.114356866274564
0.115038845072860
0.115719890286738
0.116399952735270
0.117078983179344
0.117756932326896
0.118433750838158
0.119109389330921
0.119783798385815
0.120456928551592
0.121128730350427
0.121799154283232
0.122468150834975
0.123135670480009
0.123801663687418
0.124466080926359
0.125128872671421
0.125789989407987
0.126449381637605
0.127106999883361
0.127762794695258
0.128416716655601
0.129068716384383
0.129718744544678
0.130366751848030
0.131012689059846
0.131656507004794
0.132298156572195
0.132937588721417
0.133574754487265
0.134209604985376
0.134842091417603
0.135472165077397
0.136099777355194
0.136724879743781
0.137347423843672
0.137967361368470
0.138584644150218
0.139199224144754
0.139811053437049
0.140420084246537
0.141026268932437
0.141629559999063
0.142229910101127
0.142827272049025
0.143421598814109
0.144012843533957
0.144600959517616
0.145185900250835
0.145767619401289
0.146346070823778
0.146921208565412
0.147492986870783
0.148061360187115
0.148626283169396
0.149187710685489
0.149745597821228
0.150299899885490
0.150850572415243
0.151397571180578
0.151940852189714
0.152480371693984
0.153016086192789
0.153547952438536
0.154075927441547
0.154599968474941
0.155120033079492
0.155636079068460
0.156148064532390
0.156655947843885
0.157159687662356
0.157659242938728
0.158154572920133
0.158645637154555
0.159132395495459
0.159614808106377
0.160092835465465
0.160566438370025
0.161035577940999
0.161500215627419
0.161960313210829
0.162415832809671
0.162866736883626
0.163312988237933
0.163754550027657
0.164191385761925
0.164623459308122
0.165050734896053
0.165473177122054
0.165890750953075
0.166303421730713
0.166711155175209
0.167113917389402
0.167511674862639
0.167904394474643
0.168292043499339
0.168674589608635
0.169052000876155
0.169424245780937
0.169791293211070
0.170153112467303
0.170509673266594
0.170860945745618
0.171206900464226
0.171547508408857
0.171882740995902
0.172212570075020
0.172536967932400
0.172855907293981
0.173169361328618
0.173477303651193
0.173779708325687
0.174076549868188
0.174367803249857
0.174653443899833
0.174933447708097
0.175207791028273
0.175476450680380
0.175739403953529
0.175996628608570
0.176248102880681
0.176493805481901
0.176733715603613
0.176967812918968
0.177196077585255
0.177418490246214
0.177635032034293
0.177845684572852
0.178050429978300
0.178249250862191
0.178442130333245
0.178629051999327
0.178809999969356
0.178984958855163
0.179153913773287
0.179316850346716
0.179473754706564
0.179624613493693
0.179769413860276
0.179908143471296
0.180040790505988
0.180167343659225
0.180287792142834
0.180402125686865
0.180510334540785
0.180612409474622
0.180708341780045
0.180798123271384
0.180881746286584
0.180959203688104
0.181030488863754
0.181095595727464
0.181154518720003
0.181207252809622
0.181253793492651
0.181294136794019
0.181328279267725
0.181356217997237
0.181377950595838
0.181393475206901
0.181402790504109
0.181405895691610
0.181402790504109
0.181393475206901
0.181377950595838
0.181356217997237
0.181328279267725
0.181294136794019
0.181253793492651
0.181207252809622
0.181154518720003
0.181095595727464
0.181030488863754
0.180959203688104
0.180881746286584
0.180798123271384
0.180708341780045
0.180612409474622
0.180510334540785
0.180402125686865
0.180287792142835
0.180167343659225
0.180040790505988
0.179908143471296
0.179769413860276
0.179624613493693
0.179473754706564
0.179316850346716
0.179153913773287
0.178984958855163
0.178809999969356
0.178629051999327
0.178442130333245
0.178249250862191
0.178050429978300
0.177845684572852
0.177635032034293
0.177418490246214
0.177196077585255
0.176967812918968
0.176733715603613
0.176493805481901
0.176248102880681
0.175996628608570
0.175739403953529
0.175476450680380
0.175207791028273
0.174933447708097
0.174653443899833
0.174367803249857
0.174076549868188
0.173779708325687
0.173477303651193
0.173169361328618
0.172855907293981
0.172536967932400
0.172212570075020
0.171882740995902
0.171547508408857
0.171206900464226
0.170860945745618
0.170509673266594
0.170153112467303
0.169791293211070
0.169424245780937
0.169052000876155
0.168674589608635
0.168292043499339
0.167904394474643
0.167511674862639
0.167113917389402
0.166711155175209
0.166303421730713
0.165890750953075
0.165473177122054
0.165050734896053
0.164623459308122
0.164191385761925
0.163754550027657
0.163312988237933
0.162866736883626
0.162415832809671
0.161960313210829
0.161500215627419
0.161035577940999
0.160566438370025
0.160092835465465
0.159614808106377
0.159132395495459
0.158645637154555
0.158154572920133
0.157659242938728
0.157159687662356
0.156655947843885
0.156148064532390
0.155636079068460
0.155120033079492
0.154599968474941
0.154075927441547
0.153547952438536
0.153016086192789
0.152480371693984
0.151940852189715
0.151397571180578
0.150850572415243
0.150299899885490
0.149745597821228
0.149187710685489
0.148626283169396
0.148061360187115
0.147492986870783
0.146921208565412
0.146346070823778
0.145767619401289
0.145185900250835
0.144600959517616
0.144012843533957
0.143421598814109
0.142827272049025
0.142229910101127
0.141629559999063
0.141026268932437
0.140420084246537
0.139811053437049
0.139199224144754
0.138584644150218
0.137967361368470
0.137347423843672
0.136724879743781
0.136099777355194
0.135472165077397
0.134842091417603
0.134209604985376
0.133574754487265
0.132937588721417
0.132298156572195
0.131656507004794
0.131012689059846
0.130366751848030
0.129718744544678
0.129068716384383
0.128416716655601
0.127762794695258
0.127106999883361
0.126449381637605
0.125789989407987
0.125128872671421
0.124466080926359
0.123801663687418
0.123135670480010
0.122468150834975
0.121799154283232
0.121128730350427
0.120456928551592
0.119783798385815
0.119109389330921
0.118433750838158
0.117756932326896
0.117078983179344
0.116399952735270
0.115719890286738
0.115038845072860
0.114356866274564
0.113674003009369
0.112990304326183
0.112305819200120
0.111620596527322
0.110934685119812
0.110248133700355
0.109560990897347
0.108873305239716
0.108185125151844
0.107496498948520
0.106807474829899
0.106118100876494
0.105428425044188
0.104738495159268
0.104048358913486
0.103358063859138
0.102667657404182
0.101977186807361
0.101286699173375
0.100596241448064
0.099905860413625
0.099215602683856
0.098525514699429
0.097835642723196
0.097146032835517
0.096456730929623
0.095767782707017
0.095079233672891
0.094391129131591
0.093703514182106
0.093016433713591
0.092329932400927
0.091644054700314
0.090958844844897
0.090274346840432
0.089590604460983
0.088907661244660
0.088225560489391
0.087544345248730
0.086864058327711
0.086184742278730
0.085506439397476
0.084829191718892
0.084153041013184
0.083478028781867
0.082804196253849
0.082131584381566
0.081460233837146
0.080790185008626
0.080121477996205
0.079454152608544
0.078788248359110
0.078123804462558
0.077460859831167
0.076799453071312
0.076139622479986
0.075481406041367
0.074824841423432
0.074169965974612
0.073516816720502
0.072865430360614
0.072215843265174
0.071568091471974
0.070922210683266
0.070278236262711
0.069636203232370
0.068996146269746
0.068358099704885
0.067722097517507
0.067088173334209
0.066456360425705
0.065826691704118
0.065199199720329
0.064573916661371
0.063950874347878
0.063330104231585
0.062711637392882
0.062095504538415
0.061481735998744
0.060870361726057
0.060261411291925
0.059654913885127
0.059050898309511
0.058449392981924
0.057850425930187
0.057254024791124
0.056660216808649
0.056069028831908
0.055480487313467
0.054894618307569
0.054311447468431
0.053731000048606
0.053153300897397
0.052578374459325
0.052006244772654
0.051436935467970
0.050870469766819
0.050306870480394
0.049746160008285
0.049188360337283
0.048633493040232
0.048081579274952
0.047532639783203
0.046986694889713
0.046443764501263
0.045903868105821
0.045367024771742
0.044833253147014
0.044302571458569
0.043774997511644
0.043250548689198
0.042729241951393
0.042211093835119
0.041696120453587
0.041184337495968
0.040675760227095
0.040170403487218
0.039668281691813
0.039169408831450
0.038673798471716
0.038181463753195
0.037692417391495
0.037206671677345
0.036724238476731
0.036245129231103
0.035769354957624
0.035296926249481
0.034827853276249
0.034362145784311
0.033899813097327
0.033440864116764
0.032985307322479
0.032533150773349
0.032084402107967
0.031639068545378
0.031197156885879
0.030758673511866
0.030323624388738
0.029892015065848
0.029463850677515
0.029039135944079
0.028617875173015
0.028200072260095
0.027785730690602
0.027374853540599
0.026967443478240
0.026563502765142
0.026163033257802
0.025766036409062
0.025372513269632
0.024982464489650
0.024595890320305
0.024212790615499
0.023833164833559
0.023457012039003
0.023084330904346
0.022715119711960
0.022349376355976
0.021987098344237
0.021628282800294
0.021272926465453
0.020921025700861
0.020572576489640
0.020227574439072
0.019886014782819
0.019547892383191
0.019213201733461
0.018881936960220
0.018554091825772
0.018229659730580
0.017908633715744
0.017591006465530
0.017276770309934
0.016965917227288
0.016658438846907
0.016354326451779
0.016053570981285
0.015756163033972
0.015462092870349
0.015171350415735
0.014883925263133
0.014599806676151
0.014318983591952
0.014041444624244
0.013767178066303
0.013496171894035
0.013228413769069
0.012963891041886
0.012702590754977
0.012444499646045
0.012189604151227
0.011937890408356
0.011689344260248
0.011443951258032
0.011201696664493
0.010962565457459
0.010726542333215
0.010493611709937
0.010263757731166
0.010036964269302
0.009813214929126
0.009592493051354
0.009374781716210
0.009160063747028
0.008948321713878
0.008739537937220
0.008533694491573
0.008330773209217
0.008130755683913
0.007933623274641
0.007739357109371
0.007547938088840
0.007359346890363
0.007173563971654
0.006990569574672
0.006810343729480
0.006632866258129
0.006458116778553
0.006286074708483
0.006116719269381
0.005950029490379
0.005785984212247
0.005624562091364
0.005465741603707
0.005309501048855
0.005155818554002
0.005004672077983
0.004856039415314
0.004709898200237
0.004566225910783
0.004424999872835
0.004286197264208
0.004149795118735
0.004015770330358
0.003884099657228
0.003754759725811
0.003627727035003
0.003502977960244
0.003380488757642
0.003260235568099
0.003142194421439
0.003026341240541
0.002912651845477
0.002801101957642
0.002691667203895
0.002584323120695
0.002479045158239
0.002375808684598
0.002274588989853
0.002175361290224
0.002078100732207
0.001982782396696
0.001889381303106
0.001797872413495
0.001708230636677
0.001620430832328
0.001534447815091
0.001450256358670
0.001367831199916
0.001287147042912
0.001208178563038
0.001130900411040
0.001055287217078
0.000981313594771
0.000908954145225
0.000838183461059
0.000768976130409
0.000701306740925
0.000635149883753
0.000570480157506
0.000507272172215
0.000445500553276
0.000385139945366
0.000326165016359
0.000268550461215
0.000212271005858
0.000157301411031
0.000103616476140
0.000051191043072
0.000000000000000
-0.000049981714833
-0.000098779109355
-0.000146417133917
-0.000192920677578
-0.000238314564401
-0.000282623549774
-0.000325872316762
-0.000368085472467
-0.000409287544425
-0.000449502977020
-0.000488756127927
-0.000527071264570
-0.000564472560623
-0.000600984092518
-0.000636629835997
-0.000671433662672
-0.000705419336631
-0.000738610511061
-0.000771030724900
-0.000802703399520
-0.000833651835439
-0.000863899209061
-0.000893468569449
-0.000922382835123
-0.000950664790894
-0.000978337084729
-0.001005422224641
-0.001031942575619
-0.001057920356588
-0.001083377637399
-0.001108336335855
-0.001132818214769
-0.001156844879056
-0.001180437772864
-0.001203618176728
-0.001226407204773
-0.001248825801941
-0.001270894741262
-0.001292634621155
-0.001314065862766
-0.001335208707348
-0.001356083213672
-0.001376709255478
-0.001397106518960
-0.001417294500298
-0.001437292503214
-0.001457119636581
-0.001476794812061
-0.001496336741783
-0.001515763936067
-0.001535094701179
-0.001554347137132
-0.001573539135521
-0.001592688377404
-0.001611812331221
-0.001630928250756
-0.001650053173131
-0.001669203916857
-0.001688397079907
-0.001707649037852
-0.001726975942017
-0.001746393717696
-0.001765918062401
-0.001785564444154
-0.001805348099820
-0.001825284033491
-0.001845387014899
-0.001865671577886
-0.001886152018907
-0.001906842395579
-0.001927756525276
